epoch:0	acc:0.6980544747081712
epoch:1	acc:0.7202334630350194
epoch:2	acc:0.7252918287937743
